Size
20
20

Grid
17 17 17 17 17 17 17 17 15 15 15 15 15 15 15 15 1 1 1 4 
1 3 9 3 3 3 3 3 15 15 3 3 3 3 3 3 7 5 8 2 
1 3 9 3 3 3 3 3 5 10 5 10 10 10 10 5 6 6 8 2 
1 3 9 3 1 1 1 3 9 3 9 3 3 3 3 9 3 3 9 2 
1 3 9 1 1 1 1 16 7 5 4 5 5 5 5 8 3 3 9 2 
1 3 9 1 1 1 1 16 7 4 4 4 4 4 4 8 3 3 9 2 
1 3 9 3 3 16 16 16 7 4 4 4 4 4 4 8 3 3 9 2 
1 3 9 3 3 16 16 16 7 4 4 4 4 4 4 4 10 10 8 2 
1 3 9 3 3 3 3 3 7 4 4 4 4 4 4 8 3 3 9 2 
1 3 9 3 3 3 3 3 7 6 6 6 6 6 6 8 3 3 9 2 
1 3 9 3 3 3 3 3 9 3 3 3 3 3 3 9 3 3 9 2 
15 10 4 10 10 10 10 10 6 10 10 10 10 10 10 6 10 10 8 2 
15 10 8 3 3 3 15 15 15 15 15 15 15 15 15 15 15 15 9 15 
15 8 9 3 3 3 2 2 2 2 2 2 2 2 2 2 2 2 9 16 
15 8 9 17 17 17 2 2 2 2 2 2 2 2 2 2 2 2 9 16 
15 8 9 17 17 17 2 2 2 2 2 3 3 3 3 3 2 2 9 16 
15 8 9 17 17 17 2 2 2 3 3 3 3 3 3 3 2 2 9 16 
15 6 7 10 10 10 10 10 10 10 5 5 5 5 5 10 10 10 8 1 
15 3 9 17 17 17 3 3 3 3 7 6 6 6 8 3 3 3 9 1 
16 16 16 16 16 16 16 16 16 16 16 16 16 16 16 16 16 16 16 1 
