Size
20
20

Grid
15 15 15 15 15 15 15 15 15 15 15 15 15 15 16 16 16 16 15 15 
15 3 1 3 3 3 3 3 3 3 1 1 3 3 3 3 3 3 16 15 
15 3 1 1 1 1 1 1 1 1 1 1 3 3 3 3 3 3 16 15 
15 3 3 3 3 3 3 3 3 3 3 1 1 1 1 1 3 3 16 15 
15 3 11 10 10 10 5 10 10 10 10 10 10 10 10 10 12 3 16 15 
15 3 17 17 17 17 9 15 15 15 15 15 15 15 15 15 15 16 16 15 
15 3 3 3 3 17 9 3 3 3 3 3 3 3 3 3 3 16 16 17 
15 3 3 3 3 17 9 3 3 11 5 10 10 10 10 5 12 3 16 17 
15 3 17 17 17 17 9 1 3 3 9 3 3 3 3 9 17 3 16 17 
16 3 14 17 17 17 9 1 3 3 9 3 11 12 3 9 17 3 16 17 
16 3 9 17 17 17 9 3 1 3 9 3 3 3 3 9 17 3 3 17 
16 3 9 17 17 17 9 1 1 3 9 3 3 3 3 9 17 3 3 17 
16 3 7 10 10 10 4 10 10 10 8 3 3 3 3 13 17 3 3 17 
16 3 9 3 3 3 9 3 3 3 9 3 3 3 3 3 3 3 3 17 
16 3 9 3 3 3 9 3 3 3 9 2 2 2 15 15 15 15 3 17 
16 3 9 3 14 3 9 3 3 11 6 10 10 10 10 10 10 12 2 17 
16 3 9 3 13 3 13 3 3 3 3 3 3 3 3 3 3 3 3 17 
15 3 9 3 3 3 3 1 1 3 3 3 3 3 3 3 3 3 3 15 
15 3 9 3 3 1 1 1 1 1 3 3 3 3 3 3 3 2 2 15 
15 17 17 17 17 17 15 15 15 15 15 15 15 17 17 17 15 15 17 15 

Player Spawn
2
17

Enemy Spawns

