Size
30
30

Grid
31 31 31 31 31 31 31 31 31 31 31 31 31 31 31 31 31 31 31 31 31 31 31 31 31 31 31 31 31 31 
31 30 32 19 19 19 32 13 32 32 32 32 32 13 32 32 32 32 32 13 21 32 32 32 13 31 31 31 31 31 
31 32 32 19 19 19 32 13 32 32 1 32 32 13 32 32 1 32 32 13 32 32 32 32 13 32 31 31 31 31 
31 32 23 32 32 32 32 13 32 32 32 32 32 31 20 32 32 1 32 31 32 32 1 32 13 32 31 31 31 31 
31 32 32 32 32 32 32 13 32 30 32 32 32 13 20 32 32 32 32 13 32 32 32 20 13 32 31 31 31 31 
31 32 32 32 6 7 20 13 20 20 20 20 20 13 20 20 20 20 20 13 20 20 20 20 13 20 32 32 31 31 
31 14 14 14 14 14 14 31 31 31 14 14 14 8 14 14 14 14 14 8 14 14 14 31 8 14 14 32 32 31 
31 32 32 32 32 32 32 31 31 32 32 32 32 13 32 32 32 21 32 13 32 32 32 32 13 32 32 32 32 31 
31 32 32 19 32 32 3 31 32 32 32 32 32 31 32 32 32 32 32 3 32 3 32 32 19 32 32 3 32 31 
31 19 19 19 32 3 32 13 32 32 32 32 32 31 31 32 3 3 32 3 32 32 32 19 19 32 3 3 1 31 
31 19 19 32 32 32 32 13 32 32 32 32 32 31 31 3 3 3 32 11 14 14 16 32 19 32 30 3 1 31 
31 32 19 32 30 32 20 13 32 32 32 32 32 13 32 32 32 3 32 13 21 32 21 32 19 32 32 3 1 31 
31 19 19 32 32 32 20 13 32 23 23 23 32 13 32 32 32 32 32 13 32 32 32 32 13 32 3 3 1 31 
31 32 32 32 32 32 20 13 32 23 23 23 32 13 23 23 32 6 7 13 32 32 6 7 13 32 3 32 1 31 
31 32 3 3 3 32 20 13 32 23 23 32 32 13 23 23 32 32 32 13 32 32 32 32 13 32 32 32 32 31 
31 32 31 14 14 14 14 8 14 14 14 14 14 8 14 14 31 14 14 8 14 14 14 14 8 14 14 14 32 31 
31 32 32 32 22 22 32 13 32 32 32 22 32 13 32 32 32 32 32 19 19 32 32 32 13 32 32 32 32 31 
31 32 3 32 32 32 32 13 32 32 32 32 32 13 32 32 32 32 19 19 19 32 32 30 13 32 32 23 32 31 
31 32 32 32 32 32 32 13 32 32 32 32 32 13 32 32 32 32 19 19 32 32 32 32 13 30 32 32 32 31 
31 32 19 19 32 30 32 13 32 2 32 32 2 13 32 2 2 32 32 13 32 30 32 32 13 32 32 32 32 31 
31 32 32 19 19 32 32 13 32 32 32 32 32 13 32 32 2 2 32 13 32 32 1 32 13 32 3 32 32 31 
31 32 32 19 19 19 19 19 32 32 32 2 32 13 32 6 7 32 32 13 32 32 32 32 13 32 3 30 32 31 
31 32 32 32 32 32 19 19 32 32 20 20 20 13 32 32 32 32 32 13 21 21 21 32 13 32 32 32 32 31 
31 14 14 14 14 14 19 19 19 19 14 14 14 8 14 14 14 14 14 8 14 14 14 14 31 14 14 14 14 31 
31 22 22 22 32 32 32 13 19 19 32 32 30 13 20 20 32 32 32 13 32 32 31 31 13 32 32 32 32 31 
31 32 32 32 32 3 32 13 32 32 32 3 32 13 32 32 32 32 32 13 32 32 32 32 13 32 32 32 32 31 
31 32 32 3 30 3 32 13 32 32 32 3 3 13 32 32 32 32 2 13 32 32 32 23 13 32 32 23 32 31 
31 31 32 32 32 3 32 13 32 23 23 32 32 13 32 2 32 32 32 13 32 32 23 23 13 32 32 32 32 31 
31 31 31 32 32 32 32 13 32 32 23 32 32 13 32 32 32 2 32 13 23 23 23 23 13 32 32 32 32 31 
31 31 31 31 31 31 31 31 31 31 31 31 31 31 31 31 31 31 31 31 31 31 31 31 31 31 31 31 31 31 

Player Spawn
13
15

Enemy Spawns
2
1
2
2
1
2
1
3
1
4
1
5
2
5
2
4
3
4
3
5
3
3
4
3
4
4
5
4
5
3
6
4
6
3
6
2
6
1
7
1
8
1
9
1
9
2
8
2
7
2
7
3
7
4
8
4
8
3
9
3
10
3
11
3
10
4
11
4
11
2
11
1
12
1
12
2
12
3
12
4
13
2
14
2
14
1
13
1
15
1
15
2
15
3
15
4
16
4
16
3
17
4
18
4
18
3
18
2
18
1
19
1
19
2
20
2
21
2
21
1
21
3
20
3
20
4
21
4
22
4
22
1
22
2
23
2
23
1
23
3
24
3
24
2
24
1
25
3
25
4
25
2
26
5
26
6
26
7
26
8
26
9
27
9
27
8
27
7
27
6
27
5
28
6
28
7
28
8
27
10
27
11
27
12
27
13
27
14
27
15
27
16
28
15
28
14
28
16
28
17
28
18
28
19
28
20
28
21
28
22
27
20
27
19
27
18
27
22
27
23
28
23
27
24
28
24
28
25
27
25
28
26
28
27
28
28
27
28
26
28
25
28
25
27
25
26
26
26
26
27
27
27
24
27
24
26
24
28
22
26
21
26
20
26
19
26
19
27
19
28
20
27
21
27
18
27
18
28
17
26
16
26
16
27
17
27
16
28
15
28
14
28
14
27
14
26
13
26
13
27
13
28
12
28
11
28
11
27
12
27
10
26
9
26
8
26
8
27
8
28
9
28
7
27
7
26
7
25
6
25
6
26
6
27
6
28
7
28
5
28
4
28
4
27
3
28
3
27
2
27
2
26
1
26
1
25
2
25
3
25
4
25
3
26
2
22
2
21
2
20
1
20
1
21
1
22
1
23
2
23
1
19
1
18
1
17
2
17
2
18
2
16
1
16
1
15
1
14
2
14
2
13
1
13
3
13
3
14
3
12
3
11
3
10
4
10
4
9
4
8
4
7
1
8
1
7
1
6
2
6
2
7
2
8
3
6
3
7

Enemy Count
150

